100 0.00020784500000000004    23936.0
200 0.00044582300000000003    48160.0
300 0.00062436    38528.0
400 0.0008244490000000001    51264.0
500 0.0010439549999999994    64128.0
600 0.0012697219999999996    76864.0
700 0.0015262620000000005    89728.0
800 0.0018191560000000004    102464.0
900 0.0021153500000000006    115328.0
1000 0.0024152249999999996    128064.0
1100 0.0027193500000000006    140928.0
1200 0.0031411989999999995    153664.0
1300 0.0034684660000000008    166528.0
1400 0.0039047830000000006    179264.0
1500 0.004329002    192128.0
1600 0.004632763999999998    204864.0
1700 0.005203542000000001    217728.0
1800 0.005731473000000002    230464.0
1900 0.006085460999999998    243328.0
2000 0.006563747    256064.0
2100 0.006984924000000003    268832.0
2200 0.007507173999999998    281568.0
2300 0.008000671999999999    294432.0
2400 0.008589624000000002    307168.0
2500 0.009016280999999998    320032.0
2600 0.009622551999999996    332768.0
2700 0.010181424000000003    345632.0
2800 0.010804121999999996    358368.0
2900 0.011404888999999998    371232.0
3000 0.012143528999999997    383968.0
3100 0.012620582999999996    396832.0
3200 0.013241897000000002    409568.0
3300 0.013935889999999998    422432.0
3400 0.014593563    435168.0
3500 0.01536931799999999    448032.0
3600 0.016245540000000006    460768.0
3700 0.016826549999999992    473632.0
3800 0.017693484000000002    486368.0
3900 0.018412556999999996    499232.0
4000 0.019265239    511968.0
4100 0.020089636000000004    524832.0
4200 0.020830517000000003    537568.0
4300 0.021833732000000005    550432.0
4400 0.022655464999999993    563168.0
4500 0.023580867999999998    576032.0
4600 0.024490282999999988    588768.0
4700 0.025520934000000006    601632.0
4800 0.026350829000000013    614368.0
4900 0.02695228    627232.0
5000 0.028091994000000006    639968.0
5100 0.028970549999999998    652832.0
5200 0.030030789000000006    665568.0
5300 0.031410367000000015    678432.0
5400 0.032089949    691168.0
5500 0.033004363    704032.0
5600 0.035140184    716768.0
5700 0.03783032100000001    729632.0
5800 0.03768138500000001    742368.0
5900 0.03726135499999999    755232.0
6000 0.038026416    767968.0
6100 0.03895120000000001    780832.0
6200 0.04010623    793568.0
6300 0.041659471000000003    806432.0
6400 0.04285822399999998    819168.0
6500 0.044612711    832032.0
6600 0.04868567700000001    844768.0
6700 0.048213069    857632.0
6800 0.050364607999999984    870368.0
6900 0.050768823000000005    883232.0
7000 0.05243944400000002    895968.0
7100 0.053165385999999995    908832.0
7200 0.05424795299999997    921568.0
7300 0.05393616999999998    934432.0
7400 0.05697130600000002    947168.0
7500 0.05685510600000001    960032.0
7600 0.058157913    972768.0
7700 0.059393682    985632.0
7800 0.06086894199999998    998368.0
7900 0.062116593    1.011232e6
8000 0.06397480900000004    1.023968e6
8100 0.06512285999999999    1.036832e6
8200 0.066603676    1.049568e6
8300 0.06849462700000002    1.062432e6
8400 0.07026057400000002    1.075168e6
8500 0.07167342399999999    1.088032e6
8600 0.074346273    1.100768e6
8700 0.07829305    1.113632e6
8800 0.08077540800000003    1.126368e6
8900 0.08409949    1.139232e6
9000 0.087649195    1.151968e6
9100 0.09135400300000002    1.164832e6
9200 0.095370778    1.177568e6
9300 0.10233896499999999    1.190432e6
9400 0.10523962199999996    1.203168e6
9500 0.10758573499999993    1.216032e6
9600 0.11140967500000004    1.228768e6
9700 0.11587276600000003    1.241632e6
9800 0.12187086899999997    1.254368e6
9900 0.12325207699999999    1.267232e6
10000 0.12710241999999997    1.279968e6
