100 0.00020794999999999999    23936.0
1100 0.0028397099999999996    140928.0
2100 0.006915650000000001    268832.0
3100 0.013509009999999998    396832.0
4100 0.020189770000000003    524832.0
5100 0.029075089999999998    652832.0
6100 0.04227745    780832.0
7100 0.053426339999999996    908832.0
8100 0.06771192000000001    1.036832e6
9100 0.09525423    1.164832e6
10100 0.13371194    1.292832e6
11100 0.17874790999999998    1.420832e6
12100 0.22732834000000005    1.548832e6
13100 0.2798346    1.676832e6
14100 0.33527574000000004    1.804832e6
15100 0.39484988    1.932832e6
16100 0.45930792    2.060832e6
17100 0.52892895    2.188832e6
18100 0.59782414    2.316832e6
19100 0.67427345    2.444832e6
20100 0.7541694000000001    2.572832e6
21100 0.84141818    2.700832e6
22100 0.93443491    2.828832e6
23100 1.0295048100000002    2.956832e6
24100 1.11238683    3.084832e6
25100 1.21913556    3.212832e6
26100 1.3269653300000002    3.340832e6
27100 1.4500030099999999    3.468832e6
28100 1.57300846    3.596832e6
29100 1.6710416399999999    3.724832e6
30100 1.7815809900000001    3.852832e6
31100 1.8895255600000003    3.980832e6
32100 2.0193208999999994    4.108832e6
33100 2.14606678    4.236832e6
34100 2.28860451    4.364832e6
35100 2.44329016    4.492832e6
36100 2.55921955    4.620832e6
37100 2.73915628    4.748832e6
38100 3.0384996899999996    4.876832e6
39100 3.14499846    5.004832e6
40100 3.3285724    5.132832e6
41100 3.5131197700000003    5.260832e6
42100 3.61801253    5.388832e6
43100 3.67960741    5.516832e6
44100 3.98514519    5.644832e6
45100 4.68517291    5.772832e6
46100 5.010613500000001    5.900832e6
47100 5.332608239999999    6.028832e6
48100 5.567027220000001    6.156832e6
49100 5.80554381    6.284832e6
50100 5.84528033    6.412832e6
51100 6.232301560000001    6.540832e6
52100 6.3919092200000005    6.668832e6
53100 6.739358480000002    6.796832e6
54100 6.7687865700000005    6.924832e6
55100 6.82575885    7.052832e6
56100 7.065312779999999    7.180832e6
57100 7.42534234    7.308832e6
58100 7.6936735999999994    7.436832e6
59100 7.962430479999999    7.564832e6
60100 8.512915159999999    7.692832e6
61100 8.80527792    7.820832e6
62100 9.19641632    7.948832e6
63100 9.283435319999999    8.076832e6
64100 9.2996666    8.204832e6
65100 8.868737929999998    8.332832e6
66100 8.94991727    8.460832e6
67100 9.14689959    8.588832e6
