100 0.00023152299999999997    23936.0
300 0.000674874    38528.0
500 0.0012307719999999998    64128.0
700 0.00173067    89728.0
100 0.00023053100000000013    23936.0
300 0.000667597    38528.0
500 0.0011594359999999998    64128.0
700 0.0017016639999999999    89728.0
100 8.1163e-5    23040.0
300 0.00025300099999999993    35968.0
500 0.00046406999999999997    59968.0
700 0.0007385870000000003    83968.0
900 0.001076805    107968.0
1100 0.00149985    131968.0
1300 0.0019907749999999997    155968.0
1500 0.002590385    179968.0
1700 0.0033069440000000026    203968.0
1900 0.003915879000000001    227968.0
2100 0.0047485900000000004    251920.0
2300 0.005401493    275920.0
2500 0.006220987999999998    299920.0
2700 0.007140800999999999    323920.0
2900 0.008127084000000001    347920.0
3100 0.009182733    371920.0
